[
    1,
    0,
    0,
    [
        [
            "cc.Skeleton",
            [
                "_name",
                "_hash",
                "_joints",
                "_bindposes"
            ],
            0,
            12
        ]
    ],
    [
        [
            0,
            0,
            1,
            2,
            3,
            4
        ]
    ],
    [
        [
            0,
            "Skin-0",
            3281689399,
            [
                "bone_root/bone_pelvis/bone_spine/bone_spine1/bone_neck/bone_head/bone_glass_3",
                "bone_root/bone_pelvis/bone_spine/bone_spine1/bone_neck/bone_head/bone_glass_1",
                "bone_root/bone_pelvis/bone_spine/bone_spine1/bone_neck/bone_head/bone_ head_zhuandong",
                "bone_root/bone_pelvis/bone_spine/bone_spine1/bone_neck/bone_head/bone_glass_3/bone_glass_4",
                "bone_root/bone_pelvis/bone_spine/bone_spine1/bone_neck/bone_head/bone_glass_1/bone_glass_2"
            ],
            [
                [
                    [
                        7,
                        0.4681698977947235,
                        -0.08204750716686249,
                        -0.8798210620880127,
                        0,
                        -0.8031873106956482,
                        -0.4546065926551819,
                        -0.3849973976612091,
                        0,
                        -0.36838430166244507,
                        0.8869055509567261,
                        -0.2787325978279114,
                        0,
                        0.374397873878479,
                        0.37394407391548157,
                        0.17662039399147034,
                        1
                    ],
                    [
                        7,
                        -0.46817004680633545,
                        -0.08204798400402069,
                        0.8798210620880127,
                        0,
                        -0.8031874299049377,
                        0.4546065926551819,
                        -0.3849973678588867,
                        0,
                        -0.36838415265083313,
                        -0.8869054317474365,
                        -0.2787330746650696,
                        0,
                        0.37439972162246704,
                        -0.3739438056945801,
                        0.17661702632904053,
                        1
                    ],
                    [
                        7,
                        -1.3988815794618858e-7,
                        -0.000001231492547049129,
                        1,
                        0,
                        0.9971639513969421,
                        0.07525777071714401,
                        2.3217087630200695e-7,
                        0,
                        -0.07525776326656342,
                        0.9971640110015869,
                        0.0000012174725725344615,
                        0,
                        -0.44831836223602295,
                        -0.051258910447359085,
                        -1.6472750985485618e-7,
                        1
                    ],
                    [
                        7,
                        0.349596232175827,
                        0.32202067971229553,
                        -0.8798211216926575,
                        0,
                        -0.12686483561992645,
                        -0.9141567945480347,
                        -0.38499730825424194,
                        0,
                        -0.9282715320587158,
                        0.246211975812912,
                        -0.2787325978279114,
                        0,
                        -0.0888296365737915,
                        0.4993796944618225,
                        0.17662036418914795,
                        1
                    ],
                    [
                        7,
                        -0.3495962917804718,
                        0.3220207691192627,
                        0.8798211216926575,
                        0,
                        -0.12686499953269958,
                        0.9141567945480347,
                        -0.3849974274635315,
                        0,
                        -0.9282716512680054,
                        -0.2462121695280075,
                        -0.2787325382232666,
                        0,
                        -0.08882833272218704,
                        -0.4993809759616852,
                        0.17661714553833008,
                        1
                    ]
                ],
                8,
                8,
                8,
                8,
                8
            ]
        ]
    ],
    0,
    0,
    [],
    [],
    []
]
