[
    1,
    0,
    0,
    [
        [
            "cc.Skeleton",
            [
                "_name",
                "_hash",
                "_joints",
                "_bindposes"
            ],
            0,
            12
        ]
    ],
    [
        [
            0,
            0,
            1,
            2,
            3,
            4
        ]
    ],
    [
        [
            0,
            "Skin-1",
            1437921904,
            [
                "bone_root/bone_pelvis/bone_spine",
                "bone_root/bone_pelvis/bone_spine/bone_spine1",
                "bone_root/bone_pelvis",
                "bone_root/bone_pelvis/bone_tail_1_1",
                "bone_root/bone_pelvis/bone_tail_1_1/bone_tail_1_2",
                "bone_root/bone_pelvis/bone_spine/bone_spine1/bone_neck/bone_head/bone_ head_zhuandong",
                "bone_root/bone_pelvis/bone_spine/bone_spine1/bone_neck/bone_clavicle_r",
                "bone_root/bone_pelvis/bone_spine/bone_spine1/bone_neck/bone_clavicle_r/bone_upperarm_r",
                "bone_root/bone_pelvis/bone_spine/bone_spine1/bone_neck/bone_clavicle_l",
                "bone_root/bone_pelvis/bone_spine/bone_spine1/bone_neck/bone_clavicle_l/bone_upperarm_l",
                "bone_root/bone_pelvis/bone_spine/bone_spine1/bone_neck/bone_head/bone_ head_zhuandong/bone_beak/bone_beard_2_1",
                "bone_root/bone_pelvis/bone_spine/bone_spine1/bone_neck/bone_head/bone_ head_zhuandong/bone_beak/bone_beard_2_1/bone_beard_2_2",
                "bone_root/bone_pelvis/bone_spine/bone_spine1/bone_neck/bone_head/bone_ head_zhuandong/bone_beak",
                "bone_root/bone_pelvis/bone_spine/bone_spine1/bone_neck/bone_head/bone_ head_zhuandong/bone_beak/bone_beard_1_1",
                "bone_root/bone_pelvis/bone_spine/bone_spine1/bone_neck/bone_head/bone_ head_zhuandong/bone_beak/bone_beard_1_1/bone_beard_1_2",
                "bone_root/bone_pelvis/bone_spine/bone_spine1/bone_scarf_1_1",
                "bone_root/bone_pelvis/bone_spine/bone_spine1/bone_scarf_1_1/bone_scarf_1_2",
                "bone_root/bone_pelvis/bone_spine/bone_spine1/bone_scarf_1_1/bone_scarf_1_2/bone_scarf_1_3",
                "bone_root/bone_pelvis/bone_spine/bone_spine1/bone_neck/bone_clavicle_l/bone_upperarm_l/bone_forearm_l/bone_hand_l",
                "bone_root/bone_pelvis/bone_spine/bone_spine1/bone_neck/bone_head/bone_ head_zhuandong/bone_hair_1_1/bone_hair_1_2/bone_hair_1_3",
                "bone_root/bone_pelvis/bone_spine/bone_spine1/bone_neck/bone_clavicle_r/bone_upperarm_r/bone_forearm_r",
                "bone_root/bone_pelvis/bone_spine/bone_spine1/bone_neck/bone_clavicle_r/bone_root_uparmtwist_r",
                "bone_root/bone_pelvis/bone_spine/bone_spine1/bone_neck/bone_clavicle_r/bone_upperarm_r/bone_forearm_r/bone_hand_r",
                "bone_root/bone_pelvis/bone_tail_1_1/bone_tail_1_2/bone_tail_1_3",
                "bone_root/bone_pelvis/bone_spine/bone_spine1/bone_neck/bone_clavicle_l/bone_upperarm_l/bone_forearm_l",
                "bone_root/bone_pelvis/bone_spine/bone_spine1/bone_neck/bone_head/bone_ head_zhuandong/bone_hair_2_1",
                "bone_root/bone_pelvis/bone_spine/bone_spine1/bone_neck/bone_head/bone_ head_zhuandong/bone_hair_3_1",
                "bone_root/bone_pelvis/bone_spine/bone_spine1/bone_neck/bone_head/bone_ head_zhuandong/bone_hair_3_1/bone_hair_3_2",
                "bone_root/bone_pelvis/bone_spine/bone_spine1/bone_neck/bone_head/bone_ head_zhuandong/bone_hair_1_1",
                "bone_root/bone_pelvis/bone_spine/bone_spine1/bone_neck/bone_head/bone_ head_zhuandong/bone_hair_1_1/bone_hair_1_2",
                "bone_root/bone_pelvis/bone_spine/bone_spine1/bone_neck/bone_head/bone_ head_zhuandong/bone_hair_2_1/bone_hair_2_2",
                "bone_root/bone_pelvis/bone_spine/bone_thigh_l",
                "bone_root/bone_pelvis/bone_spine/bone_thigh_l/bone_calf_l",
                "bone_root/bone_pelvis/bone_spine/bone_thigh_r/bone_calf_r",
                "bone_root/bone_pelvis/bone_spine/bone_thigh_r",
                "bone_root/bone_pelvis/bone_spine/bone_thigh_l/bone_calf_l/bone_foot_l",
                "bone_root/bone_pelvis/bone_spine/bone_thigh_l/bone_calf_l/bone_foot_l/bone_toe_1_l",
                "bone_root/bone_pelvis/bone_spine/bone_thigh_l/bone_calf_l/bone_foot_l/bone_toe_3_l",
                "bone_root/bone_pelvis/bone_spine/bone_thigh_l/bone_calf_l/bone_foot_l/bone_toe_0_l",
                "bone_root/bone_pelvis/bone_spine/bone_thigh_l/bone_calf_l/bone_foot_l/bone_toe_3_l/bone_toe_31_l",
                "bone_root/bone_pelvis/bone_spine/bone_thigh_l/bone_calf_l/bone_foot_l/bone_toe_2_l",
                "bone_root/bone_pelvis/bone_spine/bone_thigh_l/bone_calf_l/bone_foot_l/bone_toe_1_l/bone_toe_11_l",
                "bone_root/bone_pelvis/bone_spine/bone_thigh_l/bone_calf_l/bone_foot_l/bone_toe_0_l/bone_toe_01_l",
                "bone_root/bone_pelvis/bone_spine/bone_thigh_l/bone_calf_l/bone_foot_l/bone_toe_2_l/bone_toe_21_l",
                "bone_root/bone_pelvis/bone_spine/bone_spine1/bone_neck/bone_clavicle_l/bone_upperarm_l/bone_forearm_l/bone_hand_l/bone_finger_0_l",
                "bone_root/bone_pelvis/bone_spine/bone_spine1/bone_neck/bone_clavicle_l/bone_upperarm_l/bone_forearm_l/bone_hand_l/bone_finger_0_l/bone_finger_01_l",
                "bone_root/bone_pelvis/bone_spine/bone_spine1/bone_neck/bone_clavicle_l/bone_upperarm_l/bone_forearm_l/bone_hand_l/bone_finger_1_l",
                "bone_root/bone_pelvis/bone_spine/bone_spine1/bone_neck/bone_clavicle_l/bone_upperarm_l/bone_forearm_l/bone_hand_l/bone_finger_2_l",
                "bone_root/bone_pelvis/bone_spine/bone_spine1/bone_neck/bone_clavicle_l/bone_upperarm_l/bone_root_foretwist_l/bone_root_foretwist_1_l ",
                "bone_root/bone_pelvis/bone_spine/bone_spine1/bone_neck/bone_clavicle_l/bone_upperarm_l/bone_forearm_l/bone_hand_l/bone_finger_1_l/bone_finger_11_l",
                "bone_root/bone_pelvis/bone_spine/bone_spine1/bone_neck/bone_clavicle_l/bone_upperarm_l/bone_forearm_l/bone_hand_l/bone_finger_3_l",
                "bone_root/bone_pelvis/bone_spine/bone_spine1/bone_neck/bone_clavicle_l/bone_upperarm_l/bone_forearm_l/bone_hand_l/bone_finger_2_l/bone_finger_21_l",
                "bone_root/bone_pelvis/bone_spine/bone_spine1/bone_neck/bone_clavicle_l/bone_upperarm_l/bone_forearm_l/bone_hand_l/bone_finger_3_l/bone_finger_31_l",
                "bone_root/bone_pelvis/bone_spine/bone_spine1/bone_neck/bone_clavicle_l/bone_root_uparmtwist_l",
                "bone_root/bone_pelvis/bone_spine/bone_thigh_r/bone_calf_r/bone_foot_r",
                "bone_root/bone_pelvis/bone_spine/bone_thigh_r/bone_calf_r/bone_foot_r/bone_toe_1_r",
                "bone_root/bone_pelvis/bone_spine/bone_thigh_r/bone_calf_r/bone_foot_r/bone_toe_3_r",
                "bone_root/bone_pelvis/bone_spine/bone_thigh_r/bone_calf_r/bone_foot_r/bone_toe_0_r",
                "bone_root/bone_pelvis/bone_spine/bone_thigh_r/bone_calf_r/bone_foot_r/bone_toe_3_r/bone_toe_31_r",
                "bone_root/bone_pelvis/bone_spine/bone_thigh_r/bone_calf_r/bone_foot_r/bone_toe_2_r",
                "bone_root/bone_pelvis/bone_spine/bone_thigh_r/bone_calf_r/bone_foot_r/bone_toe_1_r/bone_toe_11_r",
                "bone_root/bone_pelvis/bone_spine/bone_thigh_r/bone_calf_r/bone_foot_r/bone_toe_0_r/bone_toe_01_r",
                "bone_root/bone_pelvis/bone_spine/bone_thigh_r/bone_calf_r/bone_foot_r/bone_toe_2_r/bone_toe_21_r",
                "bone_root/bone_pelvis/bone_spine/bone_spine1/bone_neck/bone_clavicle_r/bone_upperarm_r/bone_forearm_r/bone_hand_r/bone_finger_0_r",
                "bone_root/bone_pelvis/bone_spine/bone_spine1/bone_neck/bone_clavicle_r/bone_upperarm_r/bone_forearm_r/bone_hand_r/bone_finger_0_r/bone_finger_01_r",
                "bone_root/bone_pelvis/bone_spine/bone_spine1/bone_neck/bone_clavicle_r/bone_upperarm_r/bone_forearm_r/bone_hand_r/bone_finger_1_r",
                "bone_root/bone_pelvis/bone_spine/bone_spine1/bone_neck/bone_clavicle_r/bone_upperarm_r/bone_forearm_r/bone_hand_r/bone_finger_2_r",
                "bone_root/bone_pelvis/bone_spine/bone_spine1/bone_neck/bone_clavicle_r/bone_upperarm_r/bone_root_for_twist_r/bone_root_for_twist_1_r",
                "bone_root/bone_pelvis/bone_spine/bone_spine1/bone_neck/bone_clavicle_r/bone_upperarm_r/bone_forearm_r/bone_hand_r/bone_finger_1_r/bone_finger_11_r",
                "bone_root/bone_pelvis/bone_spine/bone_spine1/bone_neck/bone_clavicle_r/bone_upperarm_r/bone_forearm_r/bone_hand_r/bone_finger_3_r",
                "bone_root/bone_pelvis/bone_spine/bone_spine1/bone_neck/bone_clavicle_r/bone_upperarm_r/bone_forearm_r/bone_hand_r/bone_finger_2_r/bone_finger_21_r",
                "bone_root/bone_pelvis/bone_spine/bone_spine1/bone_neck/bone_clavicle_r/bone_upperarm_r/bone_forearm_r/bone_hand_r/bone_finger_3_r/bone_finger_31_r"
            ],
            [
                [
                    [
                        7,
                        3.0196633815648966e-7,
                        -0.000001436363618267933,
                        1,
                        0,
                        0.9754394888877869,
                        -0.22026759386062622,
                        -6.109342507443216e-7,
                        0,
                        0.22026757895946503,
                        0.9754395484924316,
                        0.0000013345724028113182,
                        0,
                        -0.2171524167060852,
                        0.05288885161280632,
                        1.8437279436511744e-7,
                        1
                    ],
                    [
                        7,
                        1.0330492017374127e-7,
                        -0.0000014065908544580452,
                        1,
                        0,
                        0.9971567988395691,
                        -0.0753551721572876,
                        -2.0900509412058454e-7,
                        0,
                        0.075355164706707,
                        0.9971568584442139,
                        0.0000013948069863545243,
                        0,
                        -0.3036320209503174,
                        0.008694549091160297,
                        6.179546119255974e-8,
                        1
                    ],
                    [
                        7,
                        0.0000013868000223737909,
                        0.0000027577070795814507,
                        1,
                        0,
                        1,
                        4.370756556681954e-8,
                        -0.0000013868002497474663,
                        0,
                        -4.371138828673793e-8,
                        1,
                        -0.0000027577070795814507,
                        0,
                        -0.14251941442489624,
                        0.03963029757142067,
                        8.835717579813718e-8,
                        1
                    ],
                    [
                        7,
                        1.760090810876136e-7,
                        -2.335713560341901e-7,
                        -1,
                        0,
                        -0.049937013536691666,
                        -0.9987524151802063,
                        2.244905914494666e-7,
                        0,
                        -0.9987524151802063,
                        0.04993700981140137,
                        -1.8745333818515064e-7,
                        0,
                        -0.13660140335559845,
                        0.24068228900432587,
                        -2.977090396427684e-8,
                        1
                    ],
                    [
                        7,
                        3.304120355096529e-7,
                        -1.4692109573388734e-7,
                        -1,
                        0,
                        0.3417162597179413,
                        -0.9398031830787659,
                        2.50984072636129e-7,
                        0,
                        -0.9398031830787659,
                        -0.3417162597179413,
                        -2.603169377835002e-7,
                        0,
                        -0.30437836050987244,
                        0.1329466551542282,
                        -4.531133868113102e-8,
                        1
                    ],
                    [
                        7,
                        -1.3988815794618858e-7,
                        -0.000001231492547049129,
                        1,
                        0,
                        0.9971639513969421,
                        0.07525794953107834,
                        2.321711036756824e-7,
                        0,
                        -0.07525794953107834,
                        0.9971640110015869,
                        0.0000012174725725344615,
                        0,
                        -0.44831836223602295,
                        -0.051258910447359085,
                        -1.6472750985485618e-7,
                        1
                    ],
                    [
                        7,
                        -0.9467975497245789,
                        -0.052622970193624496,
                        0.31749847531318665,
                        0,
                        -0.32077401876449585,
                        0.0744577944278717,
                        -0.9442246556282043,
                        0,
                        0.026047667488455772,
                        -0.9958348274230957,
                        -0.08737653493881226,
                        0,
                        0.017055559903383255,
                        0.015561139211058617,
                        0.38688793778419495,
                        1
                    ],
                    [
                        7,
                        -0.539751410484314,
                        -0.07264070212841034,
                        0.8386845588684082,
                        0,
                        -0.8405380249023438,
                        -0.008552946150302887,
                        -0.5416850447654724,
                        0,
                        0.04652160406112671,
                        -0.9973215460777283,
                        -0.0564408041536808,
                        0,
                        0.22811709344387054,
                        0.042848773300647736,
                        0.31017494201660156,
                        1
                    ],
                    [
                        7,
                        0.9467976093292236,
                        0.052620235830545425,
                        0.31749868392944336,
                        0,
                        -0.32077398896217346,
                        0.0744578018784523,
                        0.9442246556282043,
                        0,
                        0.026045067235827446,
                        -0.9958349466323853,
                        0.08737567067146301,
                        0,
                        0.017055625095963478,
                        0.01556114200502634,
                        -0.38688793778419495,
                        1
                    ],
                    [
                        7,
                        0.5397515296936035,
                        0.07263796031475067,
                        0.8386847376823425,
                        0,
                        -0.8405380249023438,
                        -0.008552945218980312,
                        0.5416850447654724,
                        0,
                        0.04652012139558792,
                        -0.9973217248916626,
                        0.05643850564956665,
                        0,
                        0.22811713814735413,
                        0.042848773300647736,
                        -0.3101748824119568,
                        1
                    ],
                    [
                        7,
                        -0.3198479413986206,
                        -9.535537515148462e-7,
                        -0.9474689364433289,
                        0,
                        -0.819725751876831,
                        0.5014714002609253,
                        0.2767237722873688,
                        0,
                        0.47512826323509216,
                        0.8651742339134216,
                        -0.16039538383483887,
                        0,
                        0.32399678230285645,
                        -0.35484886169433594,
                        -0.10937494784593582,
                        1
                    ],
                    [
                        7,
                        -0.2997286021709442,
                        0.11164730787277222,
                        -0.9474690556526184,
                        0,
                        -0.5931175947189331,
                        0.7560654878616333,
                        0.276723712682724,
                        0,
                        0.7472440600395203,
                        0.6449025869369507,
                        -0.1603945642709732,
                        0,
                        0.12433332204818726,
                        -0.42498111724853516,
                        -0.10937505960464478,
                        1
                    ],
                    [
                        7,
                        -2.565705301549315e-7,
                        -1.1630544349827687e-7,
                        -1,
                        0,
                        -0.028934836387634277,
                        0.9995813369750977,
                        -1.0883292134167277e-7,
                        0,
                        0.9995813369750977,
                        0.028934836387634277,
                        -2.5982839702010097e-7,
                        0,
                        -0.09726302325725555,
                        -0.49694088101387024,
                        -3.0657043570414544e-9,
                        1
                    ],
                    [
                        7,
                        0.31984806060791016,
                        -5.688063424713619e-7,
                        0.947468638420105,
                        0,
                        -0.819725751876831,
                        -0.5014712810516357,
                        0.2767239809036255,
                        0,
                        0.47512826323509216,
                        -0.8651742935180664,
                        -0.1603950411081314,
                        0,
                        0.32399675250053406,
                        0.35484883189201355,
                        -0.10937513411045074,
                        1
                    ],
                    [
                        7,
                        0.29972872138023376,
                        0.1116473600268364,
                        0.9474689364433289,
                        0,
                        -0.5931175351142883,
                        -0.7560656666755676,
                        0.276723712682724,
                        0,
                        0.7472442984580994,
                        -0.6449025273323059,
                        -0.16039462387561798,
                        0,
                        0.1243332177400589,
                        0.42498108744621277,
                        -0.10937508940696716,
                        1
                    ],
                    [
                        7,
                        0.054360922425985336,
                        0.8817869424819946,
                        0.46850451827049255,
                        0,
                        -0.9945524334907532,
                        0.006021528039127588,
                        0.10406526923179626,
                        0,
                        0.08894231915473938,
                        -0.47160932421684265,
                        0.8773104548454285,
                        0,
                        0.3257204592227936,
                        -0.005844303406774998,
                        -0.19876137375831604,
                        1
                    ],
                    [
                        7,
                        0.02024874836206436,
                        0.8848370313644409,
                        0.46546027064323425,
                        0,
                        -0.9997950196266174,
                        0.0181177519261837,
                        0.009051963686943054,
                        0,
                        -0.0004235815431457013,
                        -0.4655480682849884,
                        0.8850224018096924,
                        0,
                        0.26115360856056213,
                        -0.010192329995334148,
                        -0.17468324303627014,
                        1
                    ],
                    [
                        7,
                        0.02392021380364895,
                        0.8702946901321411,
                        0.49195000529289246,
                        0,
                        -0.99944007396698,
                        0.009299395605921745,
                        0.03214472159743309,
                        0,
                        0.023400550708174706,
                        -0.49244341254234314,
                        0.8700297474861145,
                        0,
                        0.19166412949562073,
                        -0.0031636711210012436,
                        -0.17928053438663483,
                        1
                    ],
                    [
                        7,
                        0.3306330442428589,
                        -0.8999735116958618,
                        0.28412944078445435,
                        0,
                        -0.9254514575004578,
                        -0.36818915605545044,
                        -0.08931005001068115,
                        0,
                        0.1849900484085083,
                        -0.23341917991638184,
                        -0.9546172618865967,
                        0,
                        0.16406424343585968,
                        0.2882530093193054,
                        0.027363676577806473,
                        1
                    ],
                    [
                        7,
                        -8.802777529126615e-8,
                        6.28301037863821e-8,
                        -1,
                        0,
                        -0.9919980764389038,
                        -0.12625263631343842,
                        7.939092938613612e-8,
                        0,
                        -0.12625263631343842,
                        0.9919981956481934,
                        7.34410861014112e-8,
                        0,
                        0.6436730027198792,
                        0.2737114727497101,
                        3.699202366647114e-8,
                        1
                    ],
                    [
                        7,
                        -0.5224653482437134,
                        -0.15374724566936493,
                        0.8386845588684082,
                        0,
                        -0.8294952511787415,
                        -0.13606977462768555,
                        -0.5416850447654724,
                        0,
                        0.19740217924118042,
                        -0.9786965847015381,
                        -0.05644085630774498,
                        0,
                        0.1526317149400711,
                        0.0667966827750206,
                        0.31017494201660156,
                        1
                    ],
                    [
                        7,
                        -0.539751410484314,
                        -0.12315724045038223,
                        0.8327668905258179,
                        0,
                        -0.8405380249023438,
                        0.024175643920898438,
                        -0.5412128567695618,
                        0,
                        0.04652160406112671,
                        -0.9920927882194519,
                        -0.11656716465950012,
                        0,
                        0.22811709344387054,
                        0.024038776755332947,
                        0.3121964931488037,
                        1
                    ],
                    [
                        7,
                        -0.3306325078010559,
                        0.8999729156494141,
                        0.28413209319114685,
                        0,
                        -0.9254515171051025,
                        -0.36818915605545044,
                        0.08931005746126175,
                        0,
                        0.18499097228050232,
                        -0.2334216833114624,
                        0.9546165466308594,
                        0,
                        0.1640642285346985,
                        0.2882530689239502,
                        -0.02736365608870983,
                        1
                    ],
                    [
                        7,
                        3.5619149230115e-7,
                        6.233430838165077e-8,
                        -1,
                        0,
                        0.8077908158302307,
                        -0.5894692540168762,
                        2.50984072636129e-7,
                        0,
                        -0.5894691944122314,
                        -0.8077908754348755,
                        -2.6031702304862847e-7,
                        0,
                        -0.4073832035064697,
                        -0.11356889456510544,
                        -4.531135644469941e-8,
                        1
                    ],
                    [
                        7,
                        0.5224658846855164,
                        0.15374454855918884,
                        0.8386846780776978,
                        0,
                        -0.8294951915740967,
                        -0.13606977462768555,
                        0.5416851043701172,
                        0,
                        0.19740073382854462,
                        -0.9786969423294067,
                        0.056438546627759933,
                        0,
                        0.1526317447423935,
                        0.0667966827750206,
                        -0.3101749122142792,
                        1
                    ],
                    [
                        7,
                        -4.37458318458539e-8,
                        1.2184030140360846e-7,
                        -1,
                        0,
                        0.851658046245575,
                        -0.5240978598594666,
                        -1.011127537253742e-7,
                        0,
                        -0.5240979194641113,
                        -0.8516579270362854,
                        -8.083919311729915e-8,
                        0,
                        -0.5938234329223633,
                        0.3578529953956604,
                        1.9660751604533289e-7,
                        1
                    ],
                    [
                        7,
                        -2.2057075454995356e-7,
                        0.0000018838289861378144,
                        -1,
                        0,
                        0.9967919588088989,
                        -0.08003509044647217,
                        -3.7063563240735675e-7,
                        0,
                        -0.08003508299589157,
                        -0.9967920184135437,
                        -0.0000018601325564304716,
                        0,
                        -0.6781166791915894,
                        0.1129223182797432,
                        4.775531010636769e-7,
                        1
                    ],
                    [
                        7,
                        -9.422133473435679e-8,
                        3.181864940415835e-7,
                        -1,
                        0,
                        0.9211397171020508,
                        -0.3892318904399872,
                        -2.1063938504539692e-7,
                        0,
                        -0.3892318606376648,
                        -0.9211397767066956,
                        -2.564203214205918e-7,
                        0,
                        -0.6507955193519592,
                        0.33438292145729065,
                        2.7266048618912464e-7,
                        1
                    ],
                    [
                        7,
                        -6.864804191764051e-8,
                        -1.776609650505634e-7,
                        -1,
                        0,
                        0.6591029167175293,
                        -0.7520528435707092,
                        8.836430254177685e-8,
                        0,
                        -0.7520528435707092,
                        -0.6591029167175293,
                        1.68723801152737e-7,
                        0,
                        -0.4912315607070923,
                        0.44193822145462036,
                        3.8550908243450976e-8,
                        1
                    ],
                    [
                        7,
                        -2.773175253878435e-7,
                        1.0211908829660388e-7,
                        -1,
                        0,
                        -0.530916690826416,
                        -0.8474240303039551,
                        6.069433311495231e-8,
                        0,
                        -0.8474240303039551,
                        0.530916690826416,
                        2.8922227102157194e-7,
                        0,
                        0.25995975732803345,
                        0.6713935136795044,
                        7.959089032283373e-8,
                        1
                    ],
                    [
                        7,
                        2.3086890621470957e-8,
                        5.370113242975094e-9,
                        -1.0000001192092896,
                        0,
                        0.4751512408256531,
                        -0.8799041509628296,
                        6.244575967429e-9,
                        0,
                        -0.8799043297767639,
                        -0.4751511514186859,
                        -2.286586564537174e-8,
                        0,
                        -0.3953912556171417,
                        0.6418036222457886,
                        1.1394980248269349e-7,
                        1
                    ],
                    [
                        7,
                        -0.029913099482655525,
                        0.0018343391129747033,
                        -0.9995508790016174,
                        0,
                        -0.9950326085090637,
                        0.09493601322174072,
                        0.029952114447951317,
                        0,
                        0.09494830667972565,
                        0.9954817295074463,
                        -0.001014603185467422,
                        0,
                        0.14770209789276123,
                        0.0257906261831522,
                        0.06679174304008484,
                        1
                    ],
                    [
                        7,
                        -0.029853327199816704,
                        -0.002633852418512106,
                        -0.9995508790016174,
                        0,
                        -0.9980875253677368,
                        -0.0540739931166172,
                        0.029952116310596466,
                        0,
                        -0.054128583520650864,
                        0.9985335469245911,
                        -0.0010145265841856599,
                        0,
                        0.07205282151699066,
                        0.03691476210951805,
                        0.06679174304008484,
                        1
                    ],
                    [
                        7,
                        0.029853003099560738,
                        0.0026366012170910835,
                        -0.9995508790016174,
                        0,
                        -0.9980875253677368,
                        -0.0540739931166172,
                        -0.029951943084597588,
                        0,
                        -0.05412866920232773,
                        0.9985335469245911,
                        0.001017287839204073,
                        0,
                        0.07205280661582947,
                        0.03691476210951805,
                        -0.06679166108369827,
                        1
                    ],
                    [
                        7,
                        0.02991318702697754,
                        -0.0018315742490813136,
                        -0.9995508790016174,
                        0,
                        -0.9950326681137085,
                        0.09493600577116013,
                        -0.02995193749666214,
                        0,
                        0.09494821727275848,
                        0.9954817295074463,
                        0.0010173623450100422,
                        0,
                        0.14770208299160004,
                        0.025790629908442497,
                        -0.06679166108369827,
                        1
                    ],
                    [
                        7,
                        4.371138828673793e-8,
                        0.000001370906943520822,
                        -1,
                        0,
                        -1,
                        4.371145223558415e-8,
                        -4.371133144331907e-8,
                        0,
                        4.371138828673793e-8,
                        1,
                        0.000001370906943520822,
                        0,
                        0.022648802027106285,
                        0.03556423261761665,
                        0.06753659248352051,
                        1
                    ],
                    [
                        7,
                        0.0000013716037301492179,
                        -4.3711455788297826e-8,
                        -1,
                        0,
                        4.371139183945161e-8,
                        1,
                        -4.3711398944878965e-8,
                        0,
                        1,
                        -4.371132789060539e-8,
                        0.0000013716037301492179,
                        0,
                        0.014564022421836853,
                        -0.0007786036585457623,
                        0.06711824238300323,
                        1
                    ],
                    [
                        7,
                        0.003893338143825531,
                        0.00018498663848731667,
                        0.9999922513961792,
                        0,
                        -0.04747134447097778,
                        0.9988725185394287,
                        4.388856567061339e-8,
                        0,
                        -0.998865008354187,
                        -0.047470979392528534,
                        0.0038977297954261303,
                        0,
                        -0.05150053650140762,
                        -0.006912440061569214,
                        -0.0673699602484703,
                        1
                    ],
                    [
                        7,
                        0.0764131173491478,
                        -4.4572786350727256e-8,
                        -0.9970763325691223,
                        0,
                        -1.0649818302420019e-15,
                        1,
                        -4.4703490686970326e-8,
                        0,
                        0.9970762729644775,
                        3.415933758077472e-9,
                        0.0764131173491478,
                        0,
                        0.006668933667242527,
                        -0.0007786019705235958,
                        0.08941614627838135,
                        1
                    ],
                    [
                        7,
                        0.003882679855450988,
                        0.0003421977744437754,
                        0.9999922513961792,
                        0,
                        -0.08780533820390701,
                        0.9961376190185547,
                        4.388856567061339e-8,
                        0,
                        -0.996130108833313,
                        -0.08780466020107269,
                        0.0038977297954261303,
                        0,
                        -0.0669712945818901,
                        -0.009627175517380238,
                        -0.0673699602484703,
                        1
                    ],
                    [
                        7,
                        -0.0884765088558197,
                        -4.452817137234888e-8,
                        -0.9960783123970032,
                        0,
                        1.41152534945772e-15,
                        1,
                        -4.4703490686970326e-8,
                        0,
                        0.9960783123970032,
                        -3.955209493256007e-9,
                        -0.0884765088558197,
                        0,
                        0.016914082691073418,
                        -0.0007786039495840669,
                        0.044601596891880035,
                        1
                    ],
                    [
                        7,
                        0.0000013716037301492179,
                        -4.3711455788297826e-8,
                        -1,
                        0,
                        4.371139183945161e-8,
                        1,
                        -4.3711398944878965e-8,
                        0,
                        1,
                        -4.371132789060539e-8,
                        0.0000013716037301492179,
                        0,
                        -0.014287659898400307,
                        -0.0007786024361848831,
                        0.06711824983358383,
                        1
                    ],
                    [
                        7,
                        0.0764131173491478,
                        -4.4572786350727256e-8,
                        -0.9970763325691223,
                        0,
                        -1.0649818302420019e-15,
                        1,
                        -4.4703490686970326e-8,
                        0,
                        0.9970762729644775,
                        3.415933758077472e-9,
                        0.0764131173491478,
                        0,
                        -0.01819867081940174,
                        -0.0007786019123159349,
                        0.08941613882780075,
                        1
                    ],
                    [
                        7,
                        -0.0884765088558197,
                        -4.452817137234888e-8,
                        -0.9960783123970032,
                        0,
                        1.41152534945772e-15,
