[
    1,
    0,
    0,
    [
        [
            "cc.Skeleton",
            [
                "_name",
                "_hash",
                "_joints",
                "_bindposes"
            ],
            0,
            12
        ]
    ],
    [
        [
            0,
            0,
            1,
            2,
            3,
            4
        ]
    ],
    [
        [
            0,
            "Skin-3",
            2873805602,
            [
                "bone_root/bone_pelvis/bone_spine/bone_spine1/bone_neck/bone_clavicle_r/bone_upperarm_r/bone_forearm_r/bone_hand_r/Point002/bone_umbrella_01/bone_umbrella_02",
                "bone_root/bone_pelvis/bone_spine/bone_spine1/bone_neck/bone_clavicle_r/bone_upperarm_r/bone_forearm_r/bone_hand_r/Point002/bone_umbrella_01",
                "bone_root/bone_pelvis/bone_spine/bone_spine1/bone_neck/bone_clavicle_r/bone_upperarm_r/bone_forearm_r/bone_hand_r/Point002/bone_umbrella_01/bone_umbrella_02/bone_umbrella_23",
                "bone_root/bone_pelvis/bone_spine/bone_spine1/bone_neck/bone_clavicle_r/bone_upperarm_r/bone_forearm_r/bone_hand_r/Point002/bone_umbrella_01/bone_umbrella_02/bone_umbrella_19",
                "bone_root/bone_pelvis/bone_spine/bone_spine1/bone_neck/bone_clavicle_r/bone_upperarm_r/bone_forearm_r/bone_hand_r/Point002/bone_umbrella_01/bone_umbrella_02/bone_umbrella_03",
                "bone_root/bone_pelvis/bone_spine/bone_spine1/bone_neck/bone_clavicle_r/bone_upperarm_r/bone_forearm_r/bone_hand_r/Point002/bone_umbrella_01/bone_umbrella_02/bone_umbrella_15",
                "bone_root/bone_pelvis/bone_spine/bone_spine1/bone_neck/bone_clavicle_r/bone_upperarm_r/bone_forearm_r/bone_hand_r/Point002/bone_umbrella_01/bone_umbrella_02/bone_umbrella_11",
                "bone_root/bone_pelvis/bone_spine/bone_spine1/bone_neck/bone_clavicle_r/bone_upperarm_r/bone_forearm_r/bone_hand_r/Point002/bone_umbrella_01/bone_umbrella_02/bone_umbrella_07",
                "bone_root/bone_pelvis/bone_spine/bone_spine1/bone_neck/bone_clavicle_r/bone_upperarm_r/bone_forearm_r/bone_hand_r/Point002/bone_umbrella_01/bone_umbrella_02/bone_umbrella_31",
                "bone_root/bone_pelvis/bone_spine/bone_spine1/bone_neck/bone_clavicle_r/bone_upperarm_r/bone_forearm_r/bone_hand_r/Point002/bone_umbrella_01/bone_umbrella_02/bone_umbrella_27",
                "bone_root/bone_pelvis/bone_spine/bone_spine1/bone_neck/bone_clavicle_r/bone_upperarm_r/bone_forearm_r/bone_hand_r/Point002/bone_umbrella_01/bone_umbrella_02/bone_umbrella_23/bone_umbrella_24",
                "bone_root/bone_pelvis/bone_spine/bone_spine1/bone_neck/bone_clavicle_r/bone_upperarm_r/bone_forearm_r/bone_hand_r/Point002/bone_umbrella_01/bone_umbrella_02/bone_umbrella_19/bone_umbrella_20",
                "bone_root/bone_pelvis/bone_spine/bone_spine1/bone_neck/bone_clavicle_r/bone_upperarm_r/bone_forearm_r/bone_hand_r/Point002/bone_umbrella_01/bone_umbrella_02/bone_umbrella_03/bone_umbrella_04",
                "bone_root/bone_pelvis/bone_spine/bone_spine1/bone_neck/bone_clavicle_r/bone_upperarm_r/bone_forearm_r/bone_hand_r/Point002/bone_umbrella_01/bone_umbrella_02/bone_umbrella_15/bone_umbrella_16",
                "bone_root/bone_pelvis/bone_spine/bone_spine1/bone_neck/bone_clavicle_r/bone_upperarm_r/bone_forearm_r/bone_hand_r/Point002/bone_umbrella_01/bone_umbrella_02/bone_umbrella_11/bone_umbrella_12",
                "bone_root/bone_pelvis/bone_spine/bone_spine1/bone_neck/bone_clavicle_r/bone_upperarm_r/bone_forearm_r/bone_hand_r/Point002/bone_umbrella_01/bone_umbrella_02/bone_umbrella_07/bone_umbrella_08",
                "bone_root/bone_pelvis/bone_spine/bone_spine1/bone_neck/bone_clavicle_r/bone_upperarm_r/bone_forearm_r/bone_hand_r/Point002/bone_umbrella_01/bone_umbrella_02/bone_umbrella_23/bone_umbrella_24/bone_umbrella_25",
                "bone_root/bone_pelvis/bone_spine/bone_spine1/bone_neck/bone_clavicle_r/bone_upperarm_r/bone_forearm_r/bone_hand_r/Point002/bone_umbrella_01/bone_umbrella_02/bone_umbrella_19/bone_umbrella_20/bone_umbrella_21",
                "bone_root/bone_pelvis/bone_spine/bone_spine1/bone_neck/bone_clavicle_r/bone_upperarm_r/bone_forearm_r/bone_hand_r/Point002/bone_umbrella_01/bone_umbrella_02/bone_umbrella_27/bone_umbrella_28",
                "bone_root/bone_pelvis/bone_spine/bone_spine1/bone_neck/bone_clavicle_r/bone_upperarm_r/bone_forearm_r/bone_hand_r/Point002/bone_umbrella_01/bone_umbrella_02/bone_umbrella_31/bone_umbrella_32",
                "bone_root/bone_pelvis/bone_spine/bone_spine1/bone_neck/bone_clavicle_r/bone_upperarm_r/bone_forearm_r/bone_hand_r/Point002/bone_umbrella_01/bone_umbrella_02/bone_umbrella_03/bone_umbrella_04/bone_umbrella_05",
                "bone_root/bone_pelvis/bone_spine/bone_spine1/bone_neck/bone_clavicle_r/bone_upperarm_r/bone_forearm_r/bone_hand_r/Point002/bone_umbrella_01/bone_umbrella_02/bone_umbrella_15/bone_umbrella_16/bone_umbrella_17",
                "bone_root/bone_pelvis/bone_spine/bone_spine1/bone_neck/bone_clavicle_r/bone_upperarm_r/bone_forearm_r/bone_hand_r/Point002/bone_umbrella_01/bone_umbrella_02/bone_umbrella_11/bone_umbrella_12/bone_umbrella_13",
                "bone_root/bone_pelvis/bone_spine/bone_spine1/bone_neck/bone_clavicle_r/bone_upperarm_r/bone_forearm_r/bone_hand_r/Point002/bone_umbrella_01/bone_umbrella_02/bone_umbrella_07/bone_umbrella_08/bone_umbrella_09",
                "bone_root/bone_pelvis/bone_spine/bone_spine1/bone_neck/bone_clavicle_r/bone_upperarm_r/bone_forearm_r/bone_hand_r/Point002/bone_umbrella_01/bone_umbrella_02/bone_umbrella_27/bone_umbrella_28/bone_umbrella_29",
                "bone_root/bone_pelvis/bone_spine/bone_spine1/bone_neck/bone_clavicle_r/bone_upperarm_r/bone_forearm_r/bone_hand_r/Point002/bone_umbrella_01/bone_umbrella_02/bone_umbrella_31/bone_umbrella_32/bone_umbrella_33"
            ],
            [
                [
                    [
                        7,
                        1.6298186267249548e-7,
                        -1,
                        4.371031536720693e-8,
                        0,
                        1,
                        1.6298186267249548e-7,
                        4.371138118131057e-8,
                        0,
                        -4.371138828673793e-8,
                        4.3710308261779574e-8,
                        1,
                        0,
                        -0.35453087091445923,
                        -0.0004798775480594486,
                        -1.5297685340698308e-9,
                        1
                    ],
                    [
                        7,
                        0.008403039537370205,
                        -0.9999646544456482,
                        4.370984640900133e-8,
                        0,
                        0.9999646544456482,
                        0.008403039537370205,
                        4.33440803249141e-8,
                        0,
                        -4.370984285628765e-8,
                        4.33440803249141e-8,
                        1,
                        0,
                        -0.0378875806927681,
                        -0.005918022245168686,
                        -1.3995491432439167e-9,
                        1
                    ],
                    [
                        7,
                        -0.36874380707740784,
                        -0.11507276445627213,
                        -0.9223806858062744,
                        0,
                        -0.31801268458366394,
                        0.9480448365211487,
                        0.008858557790517807,
                        0,
                        0.873439371585846,
                        0.29659518599510193,
                        -0.38618025183677673,
                        0,
                        0.18569763004779816,
                        -0.5712769031524658,
                        -0.004486833233386278,
                        1
                    ],
                    [
                        7,
                        0.365786075592041,
                        -0.11521796882152557,
                        0.9235393404960632,
                        0,
                        -0.318412184715271,
                        -0.9479197859764099,
                        0.007853860035538673,
                        0,
                        0.8745365142822266,
                        -0.29693907499313354,
                        -0.3834226131439209,
                        0,
                        0.18556983768939972,
                        0.5713191032409668,
                        -0.004823931492865086,
                        1
                    ],
                    [
                        7,
                        -0.870343029499054,
                        0.29559406638145447,
                        0.39386141300201416,
                        0,
                        -0.31900015473365784,
                        -0.9477332830429077,
                        0.006359329912811518,
                        0,
                        0.37515535950660706,
                        -0.12010709196329117,
                        0.9191476702690125,
                        0,
                        0.1850283145904541,
                        0.5715330243110657,
                        -0.0008368942071683705,
                        1
                    ],
                    [
                        7,
                        0.8703433871269226,
                        0.295593798160553,
                        -0.3938610255718231,
                        0,
                        -0.3190000355243683,
                        0.9477332234382629,
                        0.00635888148099184,
                        0,
                        0.37515491247177124,
                        0.12010727822780609,
                        0.919147789478302,
                        0,
                        0.1850317269563675,
                        -0.5715318322181702,
                        -0.0008382025407627225,
                        1
                    ],
                    [
                        7,
                        0.8703433275222778,
                        -0.2955937385559082,
                        -0.39386144280433655,
                        0,
                        -0.31900012493133545,
                        -0.9477333426475525,
                        0.006358638405799866,
                        0,
                        -0.3751552104949951,
                        0.12010764330625534,
                        -0.919147789478302,
                        0,
                        0.19821226596832275,
                        0.5670554041862488,
                        -0.006802666466683149,
                        1
                    ],
                    [
                        7,
                        -0.8703430891036987,
                        -0.2955939471721649,
                        0.3938612937927246,
                        0,
                        -0.319000244140625,
                        0.9477331638336182,
                        0.006358726881444454,
                        0,
                        -0.3751550614833832,
                        -0.12010761350393295,
                        -0.9191476702690125,
                        0,
                        0.18502838909626007,
                        -0.5715329647064209,
                        -0.0008365075918845832,
                        1
                    ],
                    [
                        7,
                        0.3687436282634735,
                        0.11507351696491241,
                        0.9223806858062744,
                        0,
                        -0.3180130124092102,
                        0.9480448365211487,
                        0.008857951499521732,
                        0,
                        -0.8734390735626221,
                        -0.29659536480903625,
                        0.38618040084838867,
                        0,
                        0.18407006561756134,
                        -0.5718296766281128,
                        -0.0037643967662006617,
                        1
                    ],
                    [
                        7,
                        -0.3687434494495392,
                        0.11507335305213928,
                        -0.9223810434341431,
                        0,
                        -0.31801286339759827,
                        -0.9480448365211487,
                        0.008857950568199158,
                        0,
                        -0.8734393119812012,
                        0.29659518599510193,
                        0.38618025183677673,
                        0,
                        0.1840691715478897,
                        0.5718298554420471,
                        -0.0037664128467440605,
                        1
                    ],
                    [
                        7,
                        -0.3327672779560089,
                        -0.17457875609397888,
                        -0.9267082214355469,
                        0,
                        -0.477318674325943,
                        0.8787108659744263,
                        0.005861380137503147,
                        0,
                        0.8132853507995605,
                        0.44428563117980957,
                        -0.3757358193397522,
                        0,
                        0.09468811005353928,
                        -0.5633872747421265,
                        -0.004967241548001766,
                        1
                    ],
                    [
                        7,
                        0.3298160135746002,
                        -0.1742066591978073,
                        0.9278327226638794,
                        0,
                        -0.47767943143844604,
                        -0.878520667552948,
                        0.004852308891713619,
                        0,
                        0.8142749667167664,
                        -0.44480690360069275,
                        -0.3729652166366577,
                        0,
                        0.09457360953092575,
                        0.5634497404098511,
                        -0.005305979400873184,
                        1
                    ],
                    [
                        7,
                        -0.81049644947052,
                        0.44278550148010254,
                        0.3834528923034668,
                        0,
                        -0.4782090187072754,
                        -0.8782395124435425,
                        0.0033509829081594944,
                        0,
                        0.33824726939201355,
                        -0.18065470457077026,
                        0.9235541820526123,
                        0,
                        0.0940319150686264,
                        0.5637651681900024,
                        -0.0013258439721539617,
                        1
                    ],
                    [
                        7,
                        0.8104966878890991,
                        0.442785382270813,
                        -0.3834528625011444,
                        0,
                        -0.47820907831192017,
                        0.8782395124435425,
                        0.0033505549654364586,
                        0,
                        0.33824706077575684,
                        0.18065501749515533,
                        0.9235543012619019,
                        0,
                        0.09403517097234726,
                        -0.563763439655304,
                        -0.0013270112685859203,
                        1
                    ],
                    [
                        7,
                        0.8104967474937439,
                        -0.4427853226661682,
                        -0.3834528923034668,
                        0,
                        -0.4782092273235321,
                        -0.8782394528388977,
                        0.003350102109834552,
                        0,
                        -0.3382468819618225,
                        0.18065543472766876,
                        -0.9235543608665466,
                        0,
                        0.1063094437122345,
                        0.5570579171180725,
                        -0.007133884821087122,
                        1
                    ],
                    [
                        7,
                        -0.8104966282844543,
                        -0.4427856206893921,
                        0.38345280289649963,
                        0,
                        -0.47820940613746643,
                        0.8782394528388977,
                        0.0033502469304949045,
                        0,
                        -0.33824682235717773,
                        -0.180655375123024,
                        -0.9235543608665466,
                        0,
                        0.09403213858604431,
                        -0.5637651681900024,
                        -0.0013254735385999084,
                        1
                    ],
                    [
                        7,
                        -0.23705880343914032,
                        -0.292540967464447,
                        -0.9264034032821655,
                        0,
                        -0.7781475782394409,
                        0.6280809640884399,
                        0.0007852674461901188,
                        0,
                        0.5816262364387512,
                        0.7210648655891418,
                        -0.3765322268009186,
                        0,
                        0.13177579641342163,
                        -0.5553808808326721,
                        -0.0023782041389495134,
                        1
                    ],
                    [
                        7,
                        0.2344728261232376,
                        -0.2910686135292053,
                        0.9275245666503906,
                        0,
                        -0.7784042358398438,
                        -0.6277630925178528,
                        -0.00022368280042428523,
                        0,
                        0.5823306441307068,
                        -0.7219365239143372,
                        -0.3737626075744629,
                        0,
                        0.13169510662555695,
                        0.5554838180541992,
                        -0.002716714283451438,
                        1
                    ],
                    [
                        7,
                        -0.33276689052581787,
                        0.17457881569862366,
                        -0.9267085790634155,
                        0,
                        -0.47731882333755493,
                        -0.8787106871604919,
                        0.005861223209649324,
                        0,
                        -0.8132852911949158,
                        0.4442858099937439,
                        0.37573564052581787,
                        0,
                        0.09317179024219513,
                        0.5642156004905701,
                        -0.0042665316723287106,
                        1
                    ],
                    [
                        7,
                        0.33276697993278503,
                        0.17457908391952515,
                        0.9267083406448364,
                        0,
                        -0.4773190915584564,
                        0.8787104487419128,
                        0.005861090496182442,
                        0,
                        -0.8132851719856262,
                        -0.44428589940071106,
                        0.3757357597351074,
                        0,
                        0.09317263960838318,
                        -0.5642150640487671,
                        -0.004264371003955603,
                        1
                    ],
                    [
                        7,
                        -0.5796542167663574,
                        0.7185786962509155,
                        0.38424670696258545,
                        0,
                        -0.7787802219390869,
                        -0.6272944808006287,
                        -0.0017247908981516957,
                        0,
                        0.2397965043783188,
                        -0.3002435863018036,
                        0.9232286214828491,
                        0,
                        0.13130241632461548,
                        0.5559678673744202,
                        0.0012642123037949204,
                        1
                    ],
                    [
                        7,
                        0.5796540975570679,
                        0.7185789942741394,
                        -0.38424649834632874,
                        0,
                        -0.778780460357666,
                        0.6272942423820496,
                        -0.0017252269899472594,
                        0,
                        0.23979587852954865,
                        0.3002437353134155,
                        0.9232288599014282,
                        0,
                        0.13130497932434082,
                        -0.5559649467468262,
                        0.001262895530089736,
                        1
                    ],
                    [
                        7,
                        0.579654335975647,
                        -0.7185785174369812,
                        -0.38424667716026306,
                        0,
                        -0.7787801027297974,
                        -0.6272945404052734,
                        -0.001725106267258525,
                        0,
                        -0.2397962510585785,
                        0.30024367570877075,
                        -0.9232287406921387,
                        0,
                        0.14008291065692902,
                        0.5450827479362488,
                        -0.004555972758680582,
                        1
                    ],
                    [
                        7,
                        -0.5796541571617126,
                        -0.718578577041626,
                        0.3842465579509735,
                        0,
                        -0.7787799835205078,
                        0.6272943615913391,
                        -0.0017250849632546306,
                        0,
                        -0.23979613184928894,
                        -0.3002435863018036,
                        -0.9232286214828491,
                        0,
                        0.13130229711532593,
                        -0.5559675693511963,
                        0.001264513935893774,
                        1
                    ],
                    [
                        7,
                        -0.2370586395263672,
                        0.2925410866737366,
                        -0.9264032244682312,
                        0,
                        -0.7781476974487305,
                        -0.6280809044837952,
                        0.0007849502144381404,
                        0,
                        -0.5816265344619751,
                        0.7210646271705627,
                        0.3765321671962738,
                        0,
                        0.1306912750005722,
                        0.5567252039909363,
                        -0.001675864914432168,
                        1
                    ],
                    [
                        7,
                        0.23705868422985077,
                        0.2925412654876709,
                        0.9264029860496521,
                        0,
                        -0.7781481146812439,
                        0.628080427646637,
                        0.0007850687252357602,
                        0,
                        -0.5816260576248169,
                        -0.7210648655891418,
                        0.37653225660324097,
                        0,
                        0.1306920200586319,
                        -0.5567243695259094,
                        -0.001673865714110434,
                        1
                    ]
                ],
                8,
                8,
                8,
                8,
                8,
                8,
                8,
                8,
                8,
                8,
                8,
                8,
                8,
                8,
                8,
                8,
                8,
                8,
                8,
                8,
                8,
                8,
                8,
                8,
                8,
                8
            ]
        ]
    ],
    0,
    0,
    [],
    [],
    []
]
